0.000000e+00   0.00000e+00   0.00000e+00   4.45551e-01   4.45551e-01  -8.24158e-01  -0.00000e+00   4.53641e-01  -3.70518e-01   7.50333e-02
1.000000e-01   5.00017e-05   0.00000e+00   4.45551e-01   4.45601e-01  -8.24208e-01  -0.00000e+00   4.53641e-01  -3.70568e-01   7.50333e-02
2.000000e-01   1.94067e-04   0.00000e+00   4.45551e-01   4.45745e-01  -8.24352e-01  -0.00000e+00   4.53641e-01  -3.70712e-01   7.50333e-02
3.000000e-01   4.15090e-04   0.00000e+00   4.45551e-01   4.45966e-01  -8.24573e-01  -0.00000e+00   4.53641e-01  -3.70933e-01   7.50333e-02
4.000000e-01   6.86844e-04   0.00000e+00   4.45551e-01   4.46238e-01  -8.24845e-01  -0.00000e+00   4.53641e-01  -3.71205e-01   7.50333e-02
5.000000e-01   9.77121e-04   0.00000e+00   4.45551e-01   4.46528e-01  -8.25136e-01  -0.00000e+00   4.53641e-01  -3.71495e-01   7.50333e-02
6.000000e-01   1.25157e-03   0.00000e+00   4.45551e-01   4.46803e-01  -8.25410e-01  -0.00000e+00   4.53641e-01  -3.71769e-01   7.50333e-02
7.000000e-01   1.47781e-03   0.00000e+00   4.45551e-01   4.47029e-01  -8.25636e-01  -0.00000e+00   4.53641e-01  -3.71996e-01   7.50333e-02
8.000000e-01   1.62922e-03   0.00000e+00   4.45551e-01   4.47180e-01  -8.25788e-01  -0.00000e+00   4.53641e-01  -3.72147e-01   7.50333e-02
9.000000e-01   1.68813e-03   0.00000e+00   4.45551e-01   4.47239e-01  -8.25847e-01  -0.00000e+00   4.53641e-01  -3.72206e-01   7.50333e-02
1.000000e+00   1.64783e-03   0.00000e+00   4.45551e-01   4.47199e-01  -8.25806e-01  -0.00000e+00   4.53641e-01  -3.72166e-01   7.50333e-02
1.100000e+00   1.51334e-03   0.00000e+00   4.45551e-01   4.47064e-01  -8.25672e-01  -0.00000e+00   4.53641e-01  -3.72031e-01   7.50333e-02
1.200000e+00   1.30071e-03   0.00000e+00   4.45551e-01   4.46852e-01  -8.25459e-01  -0.00000e+00   4.53641e-01  -3.71819e-01   7.50333e-02
1.300000e+00   1.03508e-03   0.00000e+00   4.45551e-01   4.46586e-01  -8.25193e-01  -0.00000e+00   4.53641e-01  -3.71553e-01   7.50333e-02
1.400000e+00   7.47630e-04   0.00000e+00   4.45551e-01   4.46299e-01  -8.24906e-01  -0.00000e+00   4.53641e-01  -3.71265e-01   7.50333e-02
1.500000e+00   4.71869e-04   0.00000e+00   4.45551e-01   4.46023e-01  -8.24630e-01  -0.00000e+00   4.53641e-01  -3.70990e-01   7.50333e-02
1.600000e+00   2.39671e-04   0.00000e+00   4.45551e-01   4.45791e-01  -8.24398e-01  -0.00000e+00   4.53641e-01  -3.70758e-01   7.50333e-02
1.700000e+00   7.75505e-05   0.00000e+00   4.45551e-01   4.45629e-01  -8.24236e-01  -0.00000e+00   4.53641e-01  -3.70595e-01   7.50333e-02
1.800000e+00   3.59589e-06   0.00000e+00   4.45551e-01   4.45555e-01  -8.24162e-01  -0.00000e+00   4.53641e-01  -3.70521e-01   7.50333e-02
1.900000e+00   2.54417e-05   0.00000e+00   4.45551e-01   4.45577e-01  -8.24184e-01  -0.00000e+00   4.53641e-01  -3.70543e-01   7.50333e-02
2.000000e+00   1.39481e-04   0.00000e+00   4.45551e-01   4.45691e-01  -8.24298e-01  -0.00000e+00   4.53641e-01  -3.70657e-01   7.50333e-02
2.100000e+00   3.31410e-04   0.00000e+00   4.45551e-01   4.45883e-01  -8.24490e-01  -0.00000e+00   4.53641e-01  -3.70849e-01   7.50333e-02
2.200000e+00   5.78008e-04   0.00000e+00   4.45551e-01   4.46129e-01  -8.24736e-01  -0.00000e+00   4.53641e-01  -3.71096e-01   7.50333e-02
2.300000e+00   8.49944e-04   0.00000e+00   4.45551e-01   4.46401e-01  -8.25008e-01  -0.00000e+00   4.53641e-01  -3.71368e-01   7.50333e-02
2.400000e+00   1.11525e-03   0.00000e+00   4.45551e-01   4.46666e-01  -8.25274e-01  -0.00000e+00   4.53641e-01  -3.71633e-01   7.50333e-02
2.500000e+00   1.34305e-03   0.00000e+00   4.45551e-01   4.46894e-01  -8.25501e-01  -0.00000e+00   4.53641e-01  -3.71861e-01   7.50333e-02
2.600000e+00   1.50713e-03   0.00000e+00   4.45551e-01   4.47058e-01  -8.25666e-01  -0.00000e+00   4.53641e-01  -3.72025e-01   7.50333e-02
2.700000e+00   1.58888e-03   0.00000e+00   4.45551e-01   4.47140e-01  -8.25747e-01  -0.00000e+00   4.53641e-01  -3.72107e-01   7.50333e-02
2.800000e+00   1.57936e-03   0.00000e+00   4.45551e-01   4.47130e-01  -8.25738e-01  -0.00000e+00   4.53641e-01  -3.72097e-01   7.50333e-02
2.900000e+00   1.48020e-03   0.00000e+00   4.45551e-01   4.47031e-01  -8.25639e-01  -0.00000e+00   4.53641e-01  -3.71998e-01   7.50333e-02
3.000000e+00   1.30326e-03   0.00000e+00   4.45551e-01   4.46854e-01  -8.25462e-01  -0.00000e+00   4.53641e-01  -3.71821e-01   7.50333e-02
3.100000e+00   1.06917e-03   0.00000e+00   4.45551e-01   4.46620e-01  -8.25228e-01  -0.00000e+00   4.53641e-01  -3.71587e-01   7.50333e-02
3.200000e+00   8.04847e-04   0.00000e+00   4.45551e-01   4.46356e-01  -8.24963e-01  -0.00000e+00   4.53641e-01  -3.71323e-01   7.50333e-02
3.300000e+00   5.40346e-04   0.00000e+00   4.45551e-01   4.46091e-01  -8.24699e-01  -0.00000e+00   4.53641e-01  -3.71058e-01   7.50333e-02
3.400000e+00   3.05419e-04   0.00000e+00   4.45551e-01   4.45857e-01  -8.24464e-01  -0.00000e+00   4.53641e-01  -3.70823e-01   7.50333e-02
3.500000e+00   1.26141e-04   0.00000e+00   4.45551e-01   4.45677e-01  -8.24285e-01  -0.00000e+00   4.53641e-01  -3.70644e-01   7.50333e-02
3.600000e+00   2.20090e-05   0.00000e+00   4.45551e-01   4.45573e-01  -8.24180e-01  -0.00000e+00   4.53641e-01  -3.70540e-01   7.50333e-02
3.700000e+00   3.82383e-06   0.00000e+00   4.45551e-01   4.45555e-01  -8.24162e-01  -0.00000e+00   4.53641e-01  -3.70522e-01   7.50333e-02
3.800000e+00   7.25845e-05   0.00000e+00   4.45551e-01   4.45624e-01  -8.24231e-01  -0.00000e+00   4.53641e-01  -3.70590e-01   7.50333e-02
3.900000e+00   2.19494e-04   0.00000e+00   4.45551e-01   4.45771e-01  -8.24378e-01  -0.00000e+00   4.53641e-01  -3.70737e-01   7.50333e-02
4.000000e+00   4.27065e-04   0.00000e+00   4.45551e-01   4.45978e-01  -8.24585e-01  -0.00000e+00   4.53641e-01  -3.70945e-01   7.50333e-02
4.100000e+00   6.71176e-04   0.00000e+00   4.45551e-01   4.46222e-01  -8.24830e-01  -0.00000e+00   4.53641e-01  -3.71189e-01   7.50333e-02
4.200000e+00   9.23844e-04   0.00000e+00   4.45551e-01   4.46475e-01  -8.25082e-01  -0.00000e+00   4.53641e-01  -3.71442e-01   7.50333e-02
4.300000e+00   1.15639e-03   0.00000e+00   4.45551e-01   4.46708e-01  -8.25315e-01  -0.00000e+00   4.53641e-01  -3.71674e-01   7.50333e-02
4.400000e+00   1.34264e-03   0.00000e+00   4.45551e-01   4.46894e-01  -8.25501e-01  -0.00000e+00   4.53641e-01  -3.71860e-01   7.50333e-02
4.500000e+00   1.46181e-03   0.00000e+00   4.45551e-01   4.47013e-01  -8.25620e-01  -0.00000e+00   4.53641e-01  -3.71980e-01   7.50333e-02
4.600000e+00   1.50078e-03   0.00000e+00   4.45551e-01   4.47052e-01  -8.25659e-01  -0.00000e+00   4.53641e-01  -3.72019e-01   7.50333e-02
4.700000e+00   1.45546e-03   0.00000e+00   4.45551e-01   4.47007e-01  -8.25614e-01  -0.00000e+00   4.53641e-01  -3.71973e-01   7.50333e-02
4.800000e+00   1.33118e-03   0.00000e+00   4.45551e-01   4.46882e-01  -8.25490e-01  -0.00000e+00   4.53641e-01  -3.71849e-01   7.50333e-02
4.900000e+00   1.14205e-03   0.00000e+00   4.45551e-01   4.46693e-01  -8.25300e-01  -0.00000e+00   4.53641e-01  -3.71660e-01   7.50333e-02
5.000000e+00   9.09325e-04   0.00000e+00   4.45551e-01   4.46460e-01  -8.25068e-01  -0.00000e+00   4.53641e-01  -3.71427e-01   7.50333e-02
5.100000e+00   6.59025e-04   0.00000e+00   4.45551e-01   4.46210e-01  -8.24817e-01  -0.00000e+00   4.53641e-01  -3.71177e-01   7.50333e-02
5.200000e+00   4.19035e-04   0.00000e+00   4.45551e-01   4.45970e-01  -8.24577e-01  -0.00000e+00   4.53641e-01  -3.70937e-01   7.50333e-02
5.300000e+00   2.16023e-04   0.00000e+00   4.45551e-01   4.45767e-01  -8.24374e-01  -0.00000e+00   4.53641e-01  -3.70734e-01   7.50333e-02
5.400000e+00   7.25097e-05   0.00000e+00   4.45551e-01   4.45624e-01  -8.24231e-01  -0.00000e+00   4.53641e-01  -3.70590e-01   7.50333e-02
5.500000e+00   4.39167e-06   0.00000e+00   4.45551e-01   4.45556e-01  -8.24163e-01  -0.00000e+00   4.53641e-01  -3.70522e-01   7.50333e-02
5.600000e+00   1.92029e-05   0.00000e+00   4.45551e-01   4.45570e-01  -8.24178e-01  -0.00000e+00   4.53641e-01  -3.70537e-01   7.50333e-02
5.700000e+00   1.15291e-04   0.00000e+00   4.45551e-01   4.45666e-01  -8.24274e-01  -0.00000e+00   4.53641e-01  -3.70633e-01   7.50333e-02
5.800000e+00   2.81999e-04   0.00000e+00   4.45551e-01   4.45833e-01  -8.24440e-01  -0.00000e+00   4.53641e-01  -3.70800e-01   7.50333e-02
5.900000e+00   5.00836e-04   0.00000e+00   4.45551e-01   4.46052e-01  -8.24659e-01  -0.00000e+00   4.53641e-01  -3.71019e-01   7.50333e-02
6.000000e+00   7.47499e-04   0.00000e+00   4.45551e-01   4.46299e-01  -8.24906e-01  -0.00000e+00   4.53641e-01  -3.71265e-01   7.50333e-02
6.100000e+00   9.94551e-04   0.00000e+00   4.45551e-01   4.46546e-01  -8.25153e-01  -0.00000e+00   4.53641e-01  -3.71512e-01   7.50333e-02
6.200000e+00   1.21444e-03   0.00000e+00   4.45551e-01   4.46766e-01  -8.25373e-01  -0.00000e+00   4.53641e-01  -3.71732e-01   7.50333e-02
6.300000e+00   1.38255e-03   0.00000e+00   4.45551e-01   4.46934e-01  -8.25541e-01  -0.00000e+00   4.53641e-01  -3.71900e-01   7.50333e-02
6.400000e+00   1.47995e-03   0.00000e+00   4.45551e-01   4.47031e-01  -8.25638e-01  -0.00000e+00   4.53641e-01  -3.71998e-01   7.50333e-02
6.500000e+00   1.49553e-03   0.00000e+00   4.45551e-01   4.47047e-01  -8.25654e-01  -0.00000e+00   4.53641e-01  -3.72013e-01   7.50333e-02
6.600000e+00   1.42726e-03   0.00000e+00   4.45551e-01   4.46978e-01  -8.25586e-01  -0.00000e+00   4.53641e-01  -3.71945e-01   7.50333e-02
6.700000e+00   1.28255e-03   0.00000e+00   4.45551e-01   4.46834e-01  -8.25441e-01  -0.00000e+00   4.53641e-01  -3.71800e-01   7.50333e-02
6.800000e+00   1.07742e-03   0.00000e+00   4.45551e-01   4.46629e-01  -8.25236e-01  -0.00000e+00   4.53641e-01  -3.71595e-01   7.50333e-02
6.900000e+00   8.34816e-04   0.00000e+00   4.45551e-01   4.46386e-01  -8.24993e-01  -0.00000e+00   4.53641e-01  -3.71353e-01   7.50333e-02
7.000000e+00   5.82122e-04   0.00000e+00   4.45551e-01   4.46133e-01  -8.24741e-01  -0.00000e+00   4.53641e-01  -3.71100e-01   7.50333e-02
