0.000000e+00   0.00000e+00   0.00000e+00   0.00000e+00   0.00000e+00   0.00000e+00   1.00000e+00   0.00000e+00   0.00000e+00   0.00000e+00   0.00000e+00   0.00000e+00   0.00000e+00   0.00000e+00   0.00000e+00   0.00000e+00   0.00000e+00
1.000000e-01   1.63641e-37   1.46138e-73   2.18931e-37   2.18852e-37  1.46957e-110   1.00000e+00   1.78955e-74   1.78890e-74   1.18170e-73   8.18691e-38   1.91522e-73   8.18691e-38   7.57124e-74   2.70305e-37   1.73249e-37   6.69199e-75
2.000000e-01   6.54565e-37   2.34097e-72   8.75726e-37   8.75409e-37  9.45916e-109   1.00000e+00   2.86666e-73   2.86562e-73   1.89295e-72   3.27476e-37   3.06797e-72   3.27476e-37   1.21283e-72   1.08122e-36   6.92996e-37   1.07198e-73
3.000000e-01   1.47277e-36   1.18538e-71   1.97038e-36   1.96967e-36  1.07862e-107   1.00000e+00   1.45156e-72   1.45104e-72   9.58519e-72   7.36822e-37   1.55350e-71   7.36822e-37   6.14130e-72   2.43275e-36   1.55924e-36   5.42811e-73
4.000000e-01   2.61826e-36   3.74666e-71   3.50290e-36   3.50163e-36  6.06273e-107   1.00000e+00   4.58801e-72   4.58635e-72   3.02963e-71   1.30991e-36   4.91021e-71   1.30991e-36   1.94110e-71   4.32488e-36   2.77199e-36   1.71568e-72
5.000000e-01   4.09103e-36   9.14745e-71   5.47329e-36   5.47130e-36  2.31316e-106   1.00000e+00   1.12016e-71   1.11976e-71   7.39682e-71   2.04673e-36   1.19882e-70   2.04673e-36   4.73919e-71   6.75763e-36   4.33123e-36   4.18883e-72
6.000000e-01   5.89109e-36   1.89685e-70   7.88153e-36   7.87868e-36  6.90772e-106   1.00000e+00   2.32281e-71   2.32197e-71   1.53383e-70   2.94729e-36   2.48593e-70   2.94729e-36   9.82738e-71   9.73099e-36   6.23697e-36   8.68612e-72
7.000000e-01   8.01842e-36   3.51420e-70   1.07276e-35   1.07238e-35  1.74197e-105   1.00000e+00   4.30334e-71   4.30179e-71   2.84165e-70   4.01159e-36   4.60555e-70   4.01159e-36   1.82066e-70   1.32450e-35   8.48921e-36   1.60923e-71
8.000000e-01   1.04730e-35   5.99511e-70   1.40116e-35   1.40065e-35  3.88158e-105   1.00000e+00   7.34137e-71   7.33871e-71   4.84777e-70   5.23962e-36   7.85692e-70   5.23962e-36   3.10600e-70   1.72995e-35   1.10879e-35   2.74530e-71
9.000000e-01   1.32549e-35   9.60306e-70   1.77334e-35   1.77270e-35  7.86928e-105   1.00000e+00   1.17595e-70   1.17553e-70   7.76523e-70   6.63140e-36   1.25853e-69   6.63140e-36   4.97523e-70   2.18947e-35   1.40332e-35   4.39746e-71
1.000000e+00   1.63641e-35   1.46366e-69   2.18931e-35   2.18852e-35  1.48077e-104   1.00000e+00   1.79234e-70   1.79169e-70   1.18355e-69   8.18691e-36   1.91821e-69   8.18691e-36   7.58307e-70   2.70305e-35   1.73249e-35   6.70244e-71
1.100000e+00   1.98006e-35   2.14295e-69   2.64907e-35   2.64811e-35  2.62331e-104   1.00000e+00   2.62418e-70   2.62323e-70   1.73284e-69   9.90616e-36   2.80846e-69   9.90616e-36   1.11024e-69   3.27069e-35   2.09631e-35   9.81307e-71
1.200000e+00   2.35643e-35   3.03507e-69   3.15261e-35   3.15147e-35  4.42167e-104   1.00000e+00   3.71662e-70   3.71528e-70   2.45422e-69   1.17892e-35   3.97762e-69   1.17892e-35   1.57243e-69   3.89240e-35   2.49479e-35   1.38983e-70
1.300000e+00   2.76554e-35   4.18039e-69   3.69994e-35   3.69860e-35  7.14763e-104   1.00000e+00   5.11914e-70   5.11729e-70   3.38035e-69   1.38359e-35   5.47864e-69   1.38359e-35   2.16581e-69   4.56816e-35   2.92791e-35   1.91430e-70
1.400000e+00   3.20737e-35   5.62285e-69   4.29106e-35   4.28950e-35  1.11500e-103   1.00000e+00   6.88552e-70   6.88303e-70   4.54675e-69   1.60463e-35   7.36906e-69   1.60463e-35   2.91313e-69   5.29798e-35   3.39568e-35   2.57483e-70
1.500000e+00   3.68193e-35   7.40986e-69   4.92596e-35   4.92417e-35  1.68677e-103   1.00000e+00   9.07382e-70   9.07053e-70   5.99176e-69   1.84205e-35   9.71103e-69   1.84205e-35   3.83896e-69   6.08187e-35   3.89811e-35   3.39314e-70
1.600000e+00   4.18922e-35   9.59235e-69   5.60464e-35   5.60262e-35  2.48444e-103   1.00000e+00   1.17464e-69   1.17422e-69   7.75657e-69   2.09585e-35   1.25713e-68   2.09585e-35   4.96969e-69   6.91981e-35   4.43518e-35   4.39256e-70
1.700000e+00   4.72923e-35   1.22248e-68   6.32712e-35   6.32483e-35  3.57441e-103   1.00000e+00   1.49700e-69   1.49646e-69   9.88521e-69   2.36602e-35   1.60213e-68   2.36602e-35   6.33352e-69   7.81182e-35   5.00690e-35   5.59801e-70
1.800000e+00   5.30198e-35   1.53651e-68   7.09338e-35   7.09081e-35  5.03671e-103   1.00000e+00   1.88155e-69   1.88087e-69   1.24245e-68   2.65256e-35   2.01368e-68   2.65256e-35   7.96049e-69   8.75789e-35   5.61327e-35   7.03603e-70
1.900000e+00   5.90745e-35   1.90748e-68   7.90342e-35   7.90056e-35  6.96682e-103   1.00000e+00   2.33583e-69   2.33498e-69   1.54243e-68   2.95547e-35   2.49986e-68   2.95547e-35   9.88244e-69   9.75802e-35   6.25429e-35   8.73479e-70
2.000000e+00   6.54565e-35   2.34189e-68   8.75726e-35   8.75409e-35  9.47751e-103   1.00000e+00   2.86778e-69   2.86675e-69   1.89370e-68   3.27476e-35   3.06917e-68   3.27476e-35   1.21331e-68   1.08122e-34   6.92996e-35   1.07240e-69
2.100000e+00   7.21658e-35   2.84658e-68   9.65488e-35   9.65138e-35  1.27008e-102   1.00000e+00   3.48581e-69   3.48455e-69   2.30180e-68   3.61043e-35   3.73060e-68   3.61043e-35   1.47478e-68   1.19205e-34   7.64029e-35   1.30351e-69
2.200000e+00   7.92024e-35   3.42876e-68   1.05963e-34   1.05924e-34  1.67900e-102   1.00000e+00   4.19872e-69   4.19720e-69   2.77257e-68   3.96246e-35   4.49358e-68   3.96246e-35   1.77640e-68   1.30828e-34   8.38526e-35   1.57011e-69
2.300000e+00   8.65662e-35   4.09598e-68   1.15815e-34   1.15773e-34  2.19222e-102   1.00000e+00   5.01578e-69   5.01396e-69   3.31209e-68   4.33088e-35   5.36801e-68   4.33088e-35   2.12208e-68   1.42991e-34   9.16488e-35   1.87564e-69
2.400000e+00   9.42574e-35   4.85615e-68   1.26104e-34   1.26059e-34  2.82999e-102   1.00000e+00   5.94664e-69   5.94449e-69   3.92678e-68   4.71566e-35   6.36425e-68   4.71566e-35   2.51591e-68   1.55696e-34   9.97915e-35   2.22374e-69
2.500000e+00   1.02276e-34   5.71751e-68   1.36832e-34   1.36783e-34  3.61541e-102   1.00000e+00   7.00143e-69   6.99890e-69   4.62329e-68   5.11682e-35   7.49311e-68   5.11682e-35   2.96218e-68   1.68941e-34   1.08281e-34   2.61818e-69
2.600000e+00   1.10622e-34   6.68868e-68   1.47998e-34   1.47944e-34  4.57465e-102   1.00000e+00   8.19069e-69   8.18772e-69   5.40860e-68   5.53435e-35   8.76588e-68   5.53435e-35   3.46533e-68   1.82726e-34   1.17116e-34   3.06290e-69
2.700000e+00   1.19294e-34   7.77861e-68   1.59601e-34   1.59543e-34  5.73721e-102   1.00000e+00   9.52538e-69   9.52193e-69   6.28994e-68   5.96826e-35   1.01943e-67   5.96826e-35   4.03001e-68   1.97053e-34   1.26299e-34   3.56200e-69
2.800000e+00   1.28295e-34   8.99662e-68   1.71642e-34   1.71580e-34  7.13619e-102   1.00000e+00   1.10169e-68   1.10129e-68   7.27485e-68   6.41854e-35   1.17906e-67   6.41854e-35   4.66104e-68   2.11919e-34   1.35827e-34   4.11975e-69
2.900000e+00   1.37622e-34   1.03524e-67   1.84121e-34   1.84055e-34  8.80859e-102   1.00000e+00   1.26771e-68   1.26725e-68   8.37112e-68   6.88519e-35   1.35673e-67   6.88519e-35   5.36344e-68   2.27327e-34   1.45703e-34   4.74058e-69
3.000000e+00   1.47277e-34   1.18558e-67   1.97038e-34   1.96967e-34  1.07956e-101   1.00000e+00   1.45182e-68   1.45129e-68   9.58687e-68   7.36822e-35   1.55377e-67   7.36822e-35   6.14237e-68   2.43275e-34   1.55924e-34   5.42906e-69
3.100000e+00   1.57259e-34   1.35174e-67   2.10393e-34   2.10317e-34  1.31428e-101   1.00000e+00   1.65529e-68   1.65469e-68   1.09305e-67   7.86762e-35   1.77153e-67   7.86762e-35   7.00322e-68   2.59763e-34   1.66492e-34   6.18994e-69
3.200000e+00   1.67569e-34   1.53478e-67   2.24186e-34   2.24105e-34  1.59008e-101   1.00000e+00   1.87944e-68   1.87875e-68   1.24106e-67   8.38340e-35   2.01142e-67   8.38340e-35   7.95154e-68   2.76793e-34   1.77407e-34   7.02812e-69
3.300000e+00   1.78205e-34   1.73581e-67   2.38416e-34   2.38330e-34  1.91251e-101   1.00000e+00   2.12561e-68   2.12484e-68   1.40361e-67   8.91555e-35   2.27488e-67   8.91555e-35   8.99305e-68   2.94362e-34   1.88668e-34   7.94868e-69
3.400000e+00   1.89169e-34   1.95597e-67   2.53085e-34   2.52993e-34  2.28767e-101   1.00000e+00   2.39521e-68   2.39434e-68   1.58164e-67   9.46407e-35   2.56341e-67   9.46407e-35   1.01337e-67   3.12473e-34   2.00276e-34   8.95685e-69
3.500000e+00   2.00461e-34   2.19644e-67   2.68191e-34   2.68094e-34  2.72225e-101   1.00000e+00   2.68967e-68   2.68870e-68   1.77609e-67   1.00290e-34   2.87856e-67   1.00290e-34   1.13795e-67   3.31124e-34   2.12230e-34   1.00580e-68
3.600000e+00   2.12079e-34   2.45843e-67   2.83735e-34   2.83632e-34  3.22355e-101   1.00000e+00   3.01049e-68   3.00940e-68   1.98793e-67   1.06102e-34   3.22190e-67   1.06102e-34   1.27368e-67   3.50316e-34   2.24531e-34   1.12577e-68
3.700000e+00   2.24025e-34   2.74318e-67   2.99717e-34   2.99609e-34  3.79954e-101   1.00000e+00   3.35919e-68   3.35797e-68   2.21819e-67   1.12079e-34   3.59509e-67   1.12079e-34   1.42121e-67   3.70048e-34   2.37178e-34   1.25616e-68
3.800000e+00   2.36298e-34   3.05198e-67   3.16137e-34   3.16023e-34  4.45884e-101   1.00000e+00   3.73733e-68   3.73598e-68   2.46789e-67   1.18219e-34   3.99979e-67   1.18219e-34   1.58120e-67   3.90321e-34   2.50172e-34   1.39757e-68
3.900000e+00   2.48898e-34   3.38615e-67   3.32995e-34   3.32874e-34  5.21084e-101   1.00000e+00   4.14654e-68   4.14504e-68   2.73811e-67   1.24523e-34   4.43773e-67   1.24523e-34   1.75432e-67   4.11134e-34   2.63512e-34   1.55059e-68
4.000000e+00   2.61826e-34   3.74703e-67   3.50290e-34   3.50163e-34  6.06569e-101   1.00000e+00   4.58847e-68   4.58681e-68   3.02993e-67   1.30991e-34   4.91069e-67   1.30991e-34   1.94129e-67   4.32488e-34   2.77199e-34   1.71585e-68
4.100000e+00   2.75081e-34   4.13602e-67   3.68024e-34   3.67890e-34  7.03435e-101   1.00000e+00   5.06481e-68   5.06298e-68   3.34447e-67   1.37622e-34   5.42049e-67   1.37622e-34   2.14283e-67   4.54383e-34   2.91232e-34   1.89398e-68
4.200000e+00   2.88663e-34   4.55454e-67   3.86195e-34   3.86055e-34  8.12861e-101   1.00000e+00   5.57731e-68   5.57529e-68   3.68290e-67   1.44417e-34   5.96898e-67   1.44417e-34   2.35966e-67   4.76818e-34   3.05611e-34   2.08563e-68
4.300000e+00   3.02573e-34   5.00405e-67   4.04804e-34   4.04658e-34  9.36120e-101   1.00000e+00   6.12776e-68   6.12554e-68   4.04637e-67   1.51376e-34   6.55808e-67   1.51376e-34   2.59254e-67   4.99794e-34   3.20338e-34   2.29147e-68
4.400000e+00   3.16810e-34   5.48603e-67   4.23851e-34   4.23698e-34  1.07458e-100   1.00000e+00   6.71798e-68   6.71554e-68   4.43612e-67   1.58499e-34   7.18975e-67   1.58499e-34   2.84225e-67   5.23311e-34   3.35410e-34   2.51218e-68
4.500000e+00   3.31374e-34   6.00202e-67   4.43336e-34   4.43176e-34  1.22969e-100   1.00000e+00   7.34984e-68   7.34718e-68   4.85336e-67   1.65785e-34   7.86598e-67   1.65785e-34   3.10958e-67   5.47368e-34   3.50829e-34   2.74846e-68
4.600000e+00   3.46265e-34   6.55359e-67   4.63259e-34   4.63091e-34  1.40303e-100   1.00000e+00   8.02526e-68   8.02235e-68   5.29936e-67   1.73235e-34   8.58883e-67   1.73235e-34   3.39534e-67   5.71966e-34   3.66595e-34   3.00103e-68
4.700000e+00   3.61484e-34   7.14232e-67   4.83619e-34   4.83444e-34  1.59628e-100   1.00000e+00   8.74620e-68   8.74303e-68   5.77542e-67   1.80849e-34   9.36040e-67   1.80849e-34   3.70035e-67   5.97104e-34   3.82707e-34   3.27063e-68
4.800000e+00   3.77029e-34   7.76985e-67   5.04418e-34   5.04235e-34  1.81121e-100   1.00000e+00   9.51465e-68   9.51120e-68   6.28286e-67   1.88626e-34   1.01828e-66   1.88626e-34   4.02547e-67   6.22783e-34   3.99166e-34   3.55799e-68
4.900000e+00   3.92903e-34   8.43785e-67   5.25654e-34   5.25464e-34  2.04974e-100   1.00000e+00   1.03327e-67   1.03289e-67   6.82302e-67   1.96568e-34   1.10583e-66   1.96568e-34   4.37155e-67   6.49003e-34   4.15971e-34   3.86388e-68
5.000000e+00   4.09103e-34   9.14803e-67   5.47329e-34   5.47130e-34  2.31388e-100   1.00000e+00   1.12023e-67   1.11983e-67   7.39728e-67   2.04673e-34   1.19890e-66   2.04673e-34   4.73949e-67   6.75763e-34   4.33123e-34   4.18909e-68
5.100000e+00   4.25631e-34   9.90212e-67   5.69441e-34   5.69234e-34  2.60581e-100   1.00000e+00   1.21257e-67   1.21214e-67   8.00706e-67   2.12942e-34   1.29773e-66   2.12942e-34   5.13018e-67   7.03064e-34   4.50621e-34   4.53441e-68
5.200000e+00   4.42486e-34   1.07019e-66   5.91991e-34   5.91776e-34  2.92780e-100   1.00000e+00   1.31051e-67   1.31004e-67   8.65378e-67   2.21374e-34   1.40254e-66   2.21374e-34   5.54453e-67   7.30905e-34   4.68466e-34   4.90064e-68
5.300000e+00   4.59668e-34   1.15492e-66   6.14978e-34   6.14756e-34  3.28229e-100   1.00000e+00   1.41427e-67   1.41375e-67   9.33890e-67   2.29970e-34   1.51358e-66   2.29970e-34   5.98350e-67   7.59287e-34   4.86657e-34   5.28863e-68
5.400000e+00   4.77178e-34   1.24458e-66   6.38404e-34   6.38173e-34  3.67184e-100   1.00000e+00   1.52406e-67   1.52351e-67   1.00639e-66   2.38730e-34   1.63109e-66   2.38730e-34   6.44802e-67   7.88210e-34   5.05194e-34   5.69921e-68
5.500000e+00   4.95015e-34   1.33936e-66   6.62268e-34   6.62028e-34  4.09919e-100   1.00000e+00   1.64013e-67   1.63954e-67   1.08304e-66   2.47654e-34   1.75531e-66   2.47654e-34   6.93909e-67   8.17673e-34   5.24079e-34   6.13325e-68
5.600000e+00   5.13179e-34   1.43946e-66   6.86569e-34   6.86320e-34  4.56720e-100   1.00000e+00   1.76271e-67   1.76207e-67   1.16398e-66   2.56742e-34   1.88649e-66   2.56742e-34   7.45768e-67   8.47677e-34   5.43309e-34   6.59162e-68
5.700000e+00   5.31671e-34   1.54507e-66   7.11308e-34   7.11051e-34  5.07891e-100   1.00000e+00   1.89203e-67   1.89134e-67   1.24937e-66   2.65993e-34   2.02489e-66   2.65993e-34   8.00481e-67   8.78222e-34   5.62886e-34   7.07521e-68
5.800000e+00   5.50489e-34   1.65638e-66   7.36485e-34   7.36219e-34  5.63754e-100   1.00000e+00   2.02834e-67   2.02760e-67   1.33938e-66   2.75408e-34   2.17078e-66   2.75408e-34   8.58151e-67   9.09307e-34   5.82810e-34   7.58493e-68
5.900000e+00   5.69635e-34   1.77360e-66   7.62100e-34   7.61824e-34  6.24646e-100   1.00000e+00   2.17188e-67   2.17109e-67   1.43417e-66   2.84986e-34   2.32440e-66   2.84986e-34   9.18882e-67   9.40933e-34   6.03080e-34   8.12172e-68
6.000000e+00   5.89109e-34   1.89694e-66   7.88153e-34   7.87868e-34  6.90922e-100   1.00000e+00   2.32291e-67   2.32207e-67   1.53390e-66   2.94729e-34   2.48604e-66   2.94729e-34   9.82781e-67   9.73099e-34   6.23697e-34   8.68650e-68
6.100000e+00   6.08909e-34   2.02660e-66   8.14644e-34   8.14349e-34  7.62958e-100   1.00000e+00   2.48169e-67   2.48079e-67   1.63875e-66   3.04635e-34   2.65597e-66   3.04635e-34   1.04996e-66   1.00581e-33   6.44660e-34   9.28024e-68
6.200000e+00   6.29037e-34   2.16279e-66   8.41572e-34   8.41268e-34  8.41147e-100   1.00000e+00   2.64847e-67   2.64751e-67   1.74888e-66   3.14705e-34   2.83446e-66   3.14705e-34   1.12052e-66   1.03905e-33   6.65970e-34   9.90391e-68
6.300000e+00   6.49492e-34   2.30574e-66   8.68939e-34   8.68624e-34  9.25902e-100   1.00000e+00   2.82352e-67   2.82249e-67   1.86447e-66   3.24938e-34   3.02180e-66   3.24938e-34   1.19458e-66   1.07284e-33   6.87626e-34   1.05585e-67
6.400000e+00   6.70275e-34   2.45566e-66   8.96743e-34   8.96418e-34   1.01766e-99   1.00000e+00   3.00710e-67   3.00601e-67   1.98569e-66   3.35336e-34   3.21827e-66   3.35336e-34   1.27225e-66   1.10717e-33   7.09628e-34   1.12450e-67
6.500000e+00   6.91384e-34   2.61277e-66   9.24985e-34   9.24650e-34   1.11687e-99   1.00000e+00   3.19949e-67   3.19834e-67   2.11274e-66   3.45897e-34   3.42418e-66   3.45897e-34   1.35365e-66   1.14204e-33   7.31978e-34   1.19645e-67
6.600000e+00   7.12821e-34   2.77730e-66   9.53665e-34   9.53320e-34   1.22401e-99   1.00000e+00   3.40098e-67   3.39975e-67   2.24578e-66   3.56622e-34   3.63981e-66   3.56622e-34   1.43889e-66   1.17745e-33   7.54673e-34   1.27179e-67
6.700000e+00   7.34586e-34   2.94949e-66   9.82783e-34   9.82427e-34   1.33959e-99   1.00000e+00   3.61183e-67   3.61052e-67   2.38502e-66   3.67510e-34   3.86547e-66   3.67510e-34   1.52810e-66   1.21340e-33   7.77715e-34   1.35064e-67
6.800000e+00   7.56677e-34   3.12956e-66   1.01234e-33   1.01197e-33   1.46412e-99   1.00000e+00   3.83234e-67   3.83095e-67   2.53063e-66   3.78563e-34   4.10146e-66   3.78563e-34   1.62139e-66   1.24989e-33   8.01104e-34   1.43310e-67
6.900000e+00   7.79096e-34   3.31775e-66   1.04233e-33   1.04196e-33   1.59815e-99   1.00000e+00   4.06279e-67   4.06132e-67   2.68280e-66   3.89779e-34   4.34810e-66   3.89779e-34   1.71889e-66   1.28692e-33   8.24839e-34   1.51927e-67
7.000000e+00   8.01842e-34   3.51431e-66   1.07276e-33   1.07238e-33   1.74225e-99   1.00000e+00   4.30348e-67   4.30193e-67   2.84174e-66   4.01159e-34   4.60570e-66   4.01159e-34   1.82072e-66   1.32450e-33   8.48921e-34   1.60928e-67
